0
0.0195933440000000
0.0252522820000000
0.0692727060000000
0.106948660000000
0.122604490000000
0.0441599420000000
0.105560160000000
0.00100000000000000
0.0212804560000000
0.00100000000000000
0.0556821410000000
0.0754047670000000
0.0665997590000000
0.0552429280000000
0.0591157040000000
0.107210170000000
0.124353650000000
0.0834899190000000
0.0671995970000000
0.00100000000000000
0.0421738290000000
0.0501408300000000
0.0258792930000000
0.00100000000000000
0.160409880000000
0.0690898630000000
0.00514638500000000
0.0610736630000000
0.0664788630000000
0.162070540000000
0.0625313990000000
0.0911605060000000
0.174335740000000
0.00433493900000000
0.0567435080000000
0.00391608900000000
0.0325674480000000
0.00270326600000000
0.0731053100000000
0.122532510000000
0.105120150000000
0.0907916150000000
0.119904020000000
0.121091040000000
0.206008060000000
0.0802670900000000
0.154735440000000
0.157457400000000
0.00385006900000000
0.00852590100000000
0.203181350000000
0.115348850000000
0.0923232590000000
0.0747637500000000
0.140654410000000
0.115606100000000
0.0655044600000000
0.00583909900000000
0.00389202800000000
0.0481805370000000
0.0364708290000000
0.257444390000000
0.307614600000000
0.0411681790000000
0.105088240000000
0.0414012050000000
0.00934739900000000
0.0676467900000000
0.0345645880000000
0.0968336500000000
0.0529585730000000
0.00100000000000000
0.0103177420000000
0.0337597530000000
0.00524698400000000
0.0677726860000000
0.0415591190000000
0.0311333410000000
0.00100000000000000
0.00100000000000000
0.0397484120000000
0.0973956290000000
0.0513403880000000
0.110589000000000
0.0921206270000000
0.00100000000000000
0.0624082280000000
0.0729922550000000
0.0670796970000000
0.130601280000000
0.000304800000000000
0.0608509200000000
0.0535237100000000
0.00163343100000000
0.0781680690000000
0.00250958200000000
0.0176817930000000
0.124580730000000
0.286652460000000
0.0335517810000000
0.177515790000000
0.0913867960000000
0.0607975350000000
0.0749847610000000
0.0931524250000000
0.0891595320000000
0.0292947680000000
0.0633763080000000
0.0845323030000000
0.0510512090000000
0.0399968230000000
0.0909529910000000
0.0420008520000000
0.0646012360000000
0.159337790000000
0.00100000000000000
0.0892590450000000
0.0758687970000000
0.0419395540000000
0.0946848690000000
0.00910885600000000
0.0150676430000000
0.00838419800000000
0.0749293760000000
0.00100000000000000
0.0667715570000000
0.0554278500000000
0.0364487300000000
0.145701880000000
0.165481620000000
0.200551450000000
0.0699818530000000
0.124374270000000
0.0851832300000000
0.195934190000000
0.127271200000000
0.101829790000000
0.179929680000000
0.257995770000000
0.0430276030000000
0.173935410000000
0.0782945400000000
0.0473616630000000
0.170025700000000
0.153012910000000
0.0744577870000000
0.159410740000000
0.0703517630000000
0.0703833430000000
0.126759490000000
0.113817530000000
0.102632200000000
0.0838197260000000
0.0907387610000000
0.108083810000000
0.0729458260000000
0.0583629530000000
0.0646278310000000
0.00334278500000000
0.103153180000000
0.0961400500000000
0.0798302090000000
0.0328409910000000
0.0907531250000000
0.0394313350000000
0.0691175580000000
0.154112030000000
0.0781439730000000
0.237785770000000
0.0549766900000000
0.0693341590000000
0.0608684060000000
0.0387160910000000
0.0915726890000000
0.0873287510000000
0.0922193040000000
0.0694345610000000
0.0623570560000000
0.0860051560000000
0.0773564360000000
0.0616984680000000
0.0132606540000000
0.102400120000000
0.00203151000000000
0.0895898000000000
0.152601790000000
0.0987521130000000
0.0391823840000000
0.208743770000000
0.194603900000000
0.0212671620000000
0.0116074950000000
0.0397881490000000
0.0277289970000000
0.0722028510000000
0.0246740930000000
0.0888265380000000
0.00100000000000000
0.0926714090000000
0.0392672820000000
0.0815522780000000
0.0801559340000000
0.0837385160000000
0.101706620000000
0.117763600000000
0.0710075620000000
0.0850258580000000
0.0391788410000000
0.00509669700000000
0.0792925470000000
0.0674910880000000
0.0877134050000000
0.137357770000000
0.110551440000000
0.107827870000000
0.0382468990000000
0.0957699690000000
0.0855168940000000
0.00100000000000000
0.00459706500000000
0.00100000000000000
0.00582045100000000
0.0579343180000000
0.0788840030000000
0.161708290000000
0.0718182780000000
0.0915036060000000
0.0392909880000000
0.0722853730000000
0.0258286570000000
0.0638765160000000
0.0435861390000000
0.0149667860000000
0.00100000000000000
0.0929954550000000
0.0733558390000000
0.106194200000000
0.0917975430000000
0.0598932380000000
0.124962980000000
0.100549780000000
0.177707380000000
0.119704710000000
0.0348936870000000
0.0751767650000000
0.0709902630000000
0.0378662330000000
0.0712644890000000
0.0633578880000000
0.0464912950000000
0.0431457420000000
0.0546272610000000
0.0722079280000000
0.0828778380000000
0.0343442550000000
0.00100000000000000
0.0339449820000000
0.00918371800000000
0.0925967740000000
0.0435720990000000
0.0512085000000000
0.0146964010000000
0.100880650000000
0.0151692170000000
0.0251520800000000
0.00457114100000000
0.00100000000000000
0.0639598090000000
0.129180610000000
0.0993137290000000
0.0722058240000000
0.0688870380000000
0.0628521470000000
0.0449897490000000
0.0750111370000000
0.0483472480000000
0.0200941990000000
0.0886045180000000
0.0642069510000000
0.0839814180000000
0.0295942780000000
0.0387435870000000
0.0718382690000000
0.0859726030000000
0.0509478370000000
0.0685674640000000
0.0531506290000000
0.0461208460000000
0.0567641840000000
0.0360591110000000
0.0341676360000000
0.00472983400000000
0.00100000000000000
0.0431743580000000
0.0383405430000000
0.254438410000000
0.0407206030000000
0.0723978130000000
0.0883189790000000
0.104728670000000
0.0517521150000000
0.0555978960000000
0.117761810000000
0.0734523330000000
0.0765415120000000
0.0728694800000000
0.135432850000000
0.0534870350000000
0.0858826290000000
0.218383200000000
0.391236130000000
0.0535589650000000
0.0947126080000000
0.0899393360000000
0.0412081450000000
0.0488708280000000
0.0862794520000000
0.295427620000000
0.125191940000000
0.119669420000000
0.0821123250000000
0.0793222180000000
0.0775055220000000
0.0823263510000000
0.0278052060000000
0.0515479790000000
0.00100000000000000
0.0609596130000000
0.103307090000000
0.0659667620000000
0.0405930120000000
0.0627492430000000
0.0671069730000000
0.0137202690000000
0.0510378470000000
0.0830120310000000
0.0301578440000000
0.0445896200000000
0.105796460000000
0.0187679000000000
0.0672547970000000
0.0436684030000000
0.0912004540000000
0.0300880550000000
0.108566260000000
0.0609594200000000
0.0137706560000000
0.0136337550000000
0.0698854570000000
0.00933687900000000
0.00620633900000000
0.00941178200000000
0.129155970000000
0.0852911610000000
0.0699643370000000
0.0936568010000000
0.0611184970000000
0.127251950000000
0.0580657810000000
0.0897146510000000
0.00198486600000000
0.118901150000000
0.0944841460000000
0.0146749100000000
0.0432754070000000
0.0266608810000000
0.0626028650000000
0.0647147360000000
0.0378695040000000
0.0708669820000000
0.0714517860000000
0.0625438150000000
0.0599103620000000
0.0184678590000000
0.0608661440000000
0.294649850000000
0.0597566230000000
0.0530702680000000
0.0101327990000000
0.0392291220000000
0.153870984000000
0.00100000000000000
0.0535870230000000
0.141389705000000
0.144270134000000
0.153587092000000
0.148451348000000
0.113480909000000
0.142494843000000
0.190424348000000
0.164809323000000
0.128409309000000
0.173278528000000
0.144834893000000
0.132894854000000
0.189243463000000
0.0482309840000000
0.00100000000000000
0.0482309840000000
0.0482309840000000
0.0482309840000000
0.0482309840000000
0.0482309840000000
0.0482309840000000
0.0482309840000000
0.0482309840000000
0.0482309840000000
0.0482309840000000
0.0482309840000000
0.0482309840000000
0.0482309840000000
0.0482309840000000
0.0482309840000000
0.00100000000000000
0.0482309840000000
0.0482309840000000
0.0482309840000000
0.0482309840000000
0.0482309840000000
0.0482309840000000
0.0482309840000000
0.0482309840000000
0.0482309840000000
0.0482309840000000
0.0482309840000000
0.0482309840000000
0.0482309840000000
0.0482309840000000
0.0482309840000000
0.00100000000000000
0.0482309840000000
0.0482309840000000
0.0482309840000000
0.0482309840000000
0.0482309840000000
0.0482309840000000
0.0482309840000000
0.0482309840000000
0.0482309840000000
0.0482309840000000
0.0482309840000000
0.0482309840000000
0.0482309840000000
0.0482309840000000
0.0482309840000000
0.00100000000000000
0.0482309840000000
0.0482309840000000
0.0482309840000000
0.0482309840000000
0.0482309840000000
0.0482309840000000
0.0482309840000000
0.0482309840000000
0.0482309840000000
0.0482309840000000
0.0482309840000000
0.0482309840000000
0.0482309840000000
0.0482309840000000
0.0482309840000000
0.00100000000000000
0.0482309840000000
0.0482309840000000
0.0482309840000000
0.0482309840000000
0.0482309840000000
0.0482309840000000
0.0482309840000000
0.0482309840000000
0.0482309840000000
0.0482309840000000
0.0482309840000000
0.0482309840000000
0.0482309840000000
0.0482309840000000
0.0482309840000000
0.00100000000000000
0.0482309840000000
0.0482309840000000
0.0482309840000000
0.0482309840000000
0.0482309840000000
0.0482309840000000
0.0482309840000000
0.0482309840000000
0.0482309840000000
0.0482309840000000
0.0482309840000000
0.0482309840000000
0.0482309840000000
0.0482309840000000
0.0585055130000000
0.0329447680000000
0.0894263300000000
0.0965566400000000
0.0972561070000000
0.0582273020000000
0.0550494830000000
0.00417829200000000
0.00574793900000000
0.00800984000000000
0.00100000000000000
0.0304800000000000
0.282261120000000
0.0691294070000000
0.0774867270000000
0.0740702870000000
0.0732412740000000
0.385874640000000
0.0362703010000000
0.00414464800000000
0.00392608500000000
0.0193199390000000
0.123164000000000
0.127624740000000
0.0401152760000000
0.0527524140000000
0.0593946960000000
0.0577346280000000
0.0853314850000000
0.0496621850000000
0.0710091380000000
0.0564452750000000
0.0752764470000000
0.0563435460000000
0.0223180590000000
0.0105165680000000
0.0344077310000000
0.0666368950000000
0.0723108350000000
0.00963081300000000
0.00729270800000000
0.0389610220000000
0.0743492720000000
0.102327380000000
0.151130920000000
0.00773972800000000
0.0142311300000000
0.104685110000000
0.103673900000000
0.0909519750000000
0.0967382740000000
0.0205328090000000
0.0870548440000000
0.0647964670000000
0.0976777920000000
0.0736980580000000
0.0409299840000000
0.0641692620000000
0.0111160260000000
0.00936253800000000
0.0348013990000000
0.00100000000000000
0.0597698710000000
0.216797550000000
0.0636300130000000
0.0721698420000000
0.123925330000000
0.239722230000000
0.134345490000000
0.0950815770000000
0.0520194150000000
0.0430786340000000
0.00245978100000000
0.00171375500000000
0.132992800000000
0.139293050000000
0.0549822380000000
0.133725070000000
0.214772820000000
0.0748971360000000
0.119749240000000
0.0890234120000000
0.396872190000000
0.0207399920000000
0.0167434990000000
0.00623125100000000
0.00100000000000000
0.0304800000000000
0.0409458600000000
0.00963723800000000
0.0206424970000000
0.00630541500000000
0.00100000000000000
0.0304800000000000
0.0938558730000000
0.0137330740000000
0.0659072470000000
0.0536018750000000
0.00736831400000000
0.00466039700000000
0.0108031680000000
0.00546271900000000
0.00100000000000000
0.0304800000000000
0.0129059880000000
0.00955368400000000
0.0455998970000000
0.0460380550000000
0.220473220000000
0.0492603790000000
0.0422833760000000
0.0288920020000000
0.118008410000000
0.0427868090000000
0.00875682100000000
0.00495413500000000
0.0193677610000000
0.0181795950000000
0.0787861510000000
0.233419200000000
0.0485450430000000
0.0912192710000000
0.0642342220000000
0.0392596980000000
0.107657480000000
0.0550719690000000
0.0209833160000000
0.0606101420000000
0.0112344840000000
0.00902904000000000
0.0836337680000000
0.0571874110000000
0.0550931780000000
0.0473800400000000
0.0841726650000000
0.0754326440000000
0.0767631700000000
0.0540704270000000
0.0326396720000000
0.0883121800000000
0.134495340000000
0.0776797160000000
0.0786622060000000
0.0329187220000000
0.0864798640000000
0.0992315390000000
0.0183832080000000
0.0925163960000000
0.0815415740000000
0.0839040010000000
0.0765105050000000
0.0869871290000000
0.00463151900000000
0.00640514700000000
0.00100000000000000
0.103112530000000
0.0932926510000000
0.0283758350000000
0.0736751700000000
0.0859627680000000
0.0996872400000000
0.0392249370000000
0.0432140110000000
0.169532670000000
0.0874493440000000
0.0606177100000000
0.0611912620000000
0.0597093570000000
0.0909234590000000
0.167849730000000
0.00510622000000000
0.0619081030000000
0.0275223840000000
0.0763521690000000
0.107234080000000
0.0363972340000000
0.0582606490000000
0.0862517850000000
0.0452970240000000
0.00681149800000000
0.00914077500000000
0.00100000000000000
0.0855685200000000
0.0718775230000000
0.441135020000000
0.109418160000000
0.0640297680000000
0.275403910000000
0.0831229820000000
0.123381410000000
0.151147590000000
0.0528492760000000
0.0413884620000000
0.107994080000000
0.0663286570000000
0.115139190000000
0.0612880540000000
0.0725268890000000
0.142933380000000
0.425345940000000
0.191018430000000
0.137856730000000
0.969127380000000
0.0999943010000000
0.118066770000000
0.0124078670000000
0.00457142400000000
0.00457164100000000
0.0488508150000000
0.0356577500000000
0.0462278450000000
0.0432705890000000
0.437714680000000
0.134739300000000
0.0457194310000000
0.0760135070000000
0.0504982760000000
0.00690235500000000
0.00988567400000000
0.00892003300000000
0.0534158270000000
0.0985484520000000
0.0740667530000000
0.0359658670000000
0.0740659670000000
0.0951578610000000
0.0257119990000000
0.00259174100000000
0.0104612490000000
0.0522823960000000
0.112397460000000
0.116466840000000
0.124466650000000
0.157470180000000
0.0643297700000000
0.0484051890000000
0.0101775290000000
0.0881108330000000
0.0352040580000000
0.113648910000000
0.106273170000000
0.112874520000000
0.0878361890000000
0.0107577080000000
0.00679690100000000
0.0711075950000000
0.118837920000000
0.110815710000000
0.00951382300000000
0.0214608490000000
0.0190588490000000
0.0155406970000000
0.0146625310000000
0.0736786180000000
0.00436518500000000
0.00667614300000000
0.0693570700000000
0.0702074130000000
0.0356717700000000
0.0397044960000000
0.00222023900000000
0.105439470000000
0.0681597670000000
0.0855499900000000
0.0255156210000000
0.131436330000000
0.243167670000000
0.00251059400000000
0.0430619770000000
0.0577849180000000
0.00823912600000000
0.0481642660000000
0.0104471450000000
0.00989028200000000
0.0763835870000000
0.00237200800000000
0.161087300000000
0.00100000000000000
0.0674734800000000
0.0279200170000000
0.139556360000000
0.147428930000000
0.300922120000000
0.0186600270000000
0.0918098420000000
0.0266880390000000
0.0691463240000000
0.0680600350000000
0.0932584000000000
0.0933028690000000
0.100778870000000
0.0794381230000000
0.100481860000000
0.229670960000000
0.0241965310000000
0.0283257550000000
0.0337559920000000
0.0795925420000000
0.0895339310000000
0.0515413440000000
0.0181580960000000
0.00458653800000000
0.00612877200000000
0.0108350790000000
0.0521967090000000
0.0453503220000000
0.00265367500000000
0.0713101380000000
0.0877698980000000
0.0373595570000000
0.0420514490000000
0.0746931710000000
0.0602655180000000
0.0138560700000000
0.00614091700000000
0.00100000000000000
0.0141277520000000
0.0580280500000000
0.0505803390000000
0.0671517400000000
0.0615501980000000
0.0705373130000000
0.0539614150000000
0.0298498670000000
0.0381526890000000
0.0549590070000000
0.262257900000000
0.173493890000000
0.0587111900000000
0.0539274760000000
0.0127690780000000
0.0505983010000000
0.0125797680000000
0.123388330000000
0.0665417350000000
0.00100000000000000
0.0559561060000000
0.0260950680000000
0.0293247030000000
0.0399822490000000
0.172924800000000
0.0674396880000000
0.00490273500000000
0.00100000000000000
0.0636725520000000
0.104668800000000
0.106468960000000
0.00334089300000000
0.00100000000000000
0.00644310500000000
0.0427648440000000
0.0379576410000000
0.0646079340000000
0.0425977980000000
0.0388953480000000
0.00166918100000000
0.0751076030000000
0.103871410000000
0.0223690320000000
0.0348746720000000
0.0132929600000000
0.0441131470000000
0.0846701710000000
0.0372062970000000
0.0111884950000000
0.0744727050000000
0.0454824050000000
0.0254282150000000
0.0545614900000000
0.0476521440000000
0.0773648150000000
0.0678817770000000
0.0399701190000000
0.00100000000000000
0.00835165300000000
0.00100000000000000
0.0554824620000000
0.0248089260000000
0.0929842800000000
0.304514060000000
0.128554070000000
0.100331410000000
0.0812552070000000
0.0944183290000000
0.106860570000000
0.177047950000000
0.00401216800000000
0.0630121500000000
0.0557826150000000
0.0237023450000000
0.106377050000000
0.0805394260000000
0.0504851340000000
0.0257231780000000
0.0254655020000000
0.0456654530000000
0.0568041410000000
0.0595477470000000
0.0333252630000000
0.0152790110000000
0.0112194020000000
0.0982453650000000
0.0337990260000000
0.0399015940000000
0.0142683010000000
0.0226110440000000
0.00100000000000000
0.00762131100000000
0.0241366890000000
0.0112427030000000
0.0313291250000000
0.0677293490000000
0.0554602770000000
0.0880595470000000
0.0514126450000000
0.0298211360000000
0.0286945590000000
0.0384983350000000
0.0457806230000000
0.0122446880000000
0.0532337330000000
0.00100000000000000
0.00454099000000000
0.0424485290000000
0.0457263540000000
0.106694170000000
0.209987790000000
0.0120237260000000
0.0251257170000000
0.00100000000000000
0.00802803900000000
0.00100000000000000
0.0149630620000000
0.0905605260000000
0.0548325510000000
0.0997424450000000
0.00790594100000000
0.0271931430000000
0.0995781490000000
0.00993494200000000
0.0396151110000000
0.114735660000000
0.0473096550000000
0.00100000000000000
0.00900364100000000
0.00813380800000000
0.0510324100000000
0.0520421700000000
0.0419885720000000
0.0111763270000000
0.0297733410000000
0.00483325700000000
0.00100000000000000
0.0888589120000000
0.0351655420000000
0.0342124560000000
0.0443937470000000
0.0193591090000000
0.0286593350000000
0.0605714480000000
0.117077090000000
0.103006130000000
0.0400912870000000
0.0420817980000000
0.0524753700000000
0.0893008590000000
0.0758047560000000
0.0743209850000000
0.101232140000000
0.0370230140000000
0.162944000000000
0.0487937610000000
0.131227690000000
0.103234640000000
0.0987002630000000
0.0300415760000000
0.110479210000000
0.0601444850000000
0.0912118040000000
0.00100000000000000
0.104258200000000
0.00181761900000000
0.103491470000000
0.0144254950000000
0.0990939300000000
0.0105739520000000
0.0686685030000000
0.0993986690000000
0.00551974600000000
0.0655798500000000
0.126178810000000
0.00100000000000000
0.0823791980000000
0.0560841160000000
0.00100000000000000
0.0857082980000000
0.0872729720000000
0.0612738300000000
0.00609365000000000
0.105123590000000
0.134509550000000
0.00297023900000000
0.0798571910000000
0.0540026720000000
0.137054680000000
0.190131040000000
0.100241420000000
0.0715411450000000
0.0903181470000000
0.0616508570000000
0.00100000000000000
0.256500900000000
0.0608076160000000
0.00804419500000000
0.0547529830000000
0.0119646480000000
0.0900832520000000
0.0727391840000000
0.0455380560000000
0.0285635070000000
0.0803673520000000
0.0472715400000000
0.0807460870000000
0.0441008160000000
0.131360780000000
0.161343850000000
0.0354964680000000
0.0674645200000000
0.0670895960000000
0.0811885440000000
0.150918759000000
0.147865780000000
0.0912442400000000
0.0915158380000000
0.0905670790000000
0.0913785060000000
0.0504855220000000
0.0594690320000000
0.0634809450000000
0.0300011350000000
0.0782635210000000
0.0514907460000000
0.0615291440000000
0.0973347470000000
0.0391149340000000
0.0556876650000000
0.0831824890000000
0.0826871340000000
0.0321756130000000
0.0493783400000000
0.0248945070000000
0.00859011300000000
0.0746577750000000
0.00674828000000000
0.0160944250000000
0.0228222540000000
0.0528874320000000
0.0832732520000000
0.150778350000000
0.0104217750000000
0.00677221500000000
0.0210584900000000
0.0353697120000000
0.00100000000000000
0.108641250000000
0.0902340480000000
0.0798376680000000
0.0828552490000000
0.0555450840000000
0.0662119680000000
0.0622625960000000
0.0636393320000000
0.0307150320000000
0.0891393900000000
0.0682378470000000
0.0413678800000000
0.0495126250000000
0.0871417640000000
0.0360467860000000
0.0953800680000000
0.0858322670000000
0.0355602860000000
0.0570497530000000
0.0586475010000000
0.108145590000000
0.0867635980000000
0.0827454380000000
0.117096980000000
0.0655225750000000
0.0472707670000000
0.0757030720000000
0.0649219770000000
0.0442729190000000
0.0442515080000000
0.0548287220000000
0.466343920000000
0.00290043000000000
0.221127210000000
0.170687990000000
0.0931111590000000
0.0585811360000000
0.0408190740000000
0.0472061810000000
0.000304800000000000
0.0766112400000000
0.152399610000000
0.0914397670000000
0.158495090000000
0.0536397670000000
0.00891650700000000
0.0185159220000000
0.00759133600000000
0.0612038060000000
0.0112184870000000
0.0893661540000000
0.00943275700000000
0.00439547600000000
0.0557752460000000
0.0740234960000000
0.00304898200000000
0.0108022690000000
0.00100000000000000
0.0408465500000000
0.0939212680000000
0.0140657550000000
0.00514088200000000
0.0904383470000000
0.508906100000000
0.0240438880000000
0.105397800000000
0.210741180000000
0.0539629500000000
0.0794357220000000
0.0625325260000000
0.0597954260000000
0.00456003200000000
0.0707364980000000
0.0720055430000000
0.152051510000000
0.0603140720000000
0.0668469150000000
0.0865651000000000
0.0916807950000000
0.0654994500000000
0.101106840000000
0.0986243950000000
0.0443745200000000
0.0638615190000000
0.0270485110000000
0.0441775100000000
0.00671197100000000
0.0317554920000000
0.00100000000000000
0.0940411840000000
0.0287220570000000
0.0661484840000000
0.0347325800000000
0.0231690730000000
0.0395227490000000
0.143929080000000
0.0900434080000000
0.0594733900000000
0.170269290000000
0.0669849840000000
0.0548621460000000
0.0388974880000000
0.0625866570000000
0.0623868270000000
0.0713125940000000
0.0601104080000000
0.0311251080000000
0.0249030390000000
0.00874622000000000
0.320625630000000
0.0854176410000000
0.00462284400000000
0.180806680000000
0.0813813890000000
0.0813811250000000
0.0584534050000000
0.0810764140000000
0.00227562600000000
0.159865640000000
0.249326250000000
0.0920490540000000
0.0609595200000000
0.0466344560000000
0.0167636980000000
0.0594360100000000
0.0819903600000000
0.0128361930000000
0.0548288000000000
0.141318930000000
0.0731516900000000
0.0689188310000000
0.0701037070000000
0.0275934810000000
0.0754683210000000
0.0905256480000000
0.0223048030000000
0.0742664770000000
0.0167751330000000
0.120573350000000
0.00914659500000000
0.00100000000000000
0.00611566600000000
0.0691124020000000
0.0234321090000000
0.0313591270000000
0.0698738190000000
0.0704535360000000
0.123589440000000
0.138635720000000
0.168028280000000
0.117201000000000
0.110479550000000
0.0816895370000000
0.0797759330000000
0.0958262270000000
0.0147342050000000
0.154191450000000
0.0664935940000000
0.0639131560000000
0.0909533200000000
0.131308980000000
0.0122529580000000
0.0300171050000000
0.0462820940000000
0.0431177480000000
0.00457280400000000
0.00100000000000000
0.0748607580000000
0.0533979550000000
0.0594744660000000
0.103864510000000
0.0214524630000000
0.0802942410000000
0.0752420820000000
0.0100832670000000
0.0258007350000000
0.0594245500000000
0.208371000000000
0.250325480000000
0.0603906350000000
0.205312060000000
0.0211174500000000
0.0934969060000000
0.0770273980000000
0.0109334340000000
0.0857656590000000
0.0855221820000000
0.0906483680000000
0.166253270000000
0.0259080360000000
0.0335278860000000
0.00457362600000000
0.00100000000000000
0.124401790000000
0.0488924910000000
0.138647520000000
0.128569840000000
0.114856330000000
0.0914683290000000
0.0658129050000000
0.0245763060000000
0.00902704200000000
0.0871727730000000
0.0665808460000000
0.0304799670000000
0.0304794690000000
0.0304799690000000
0.00580673500000000
0.0499891080000000
0.0242365410000000
0.0312615130000000
0.0758693210000000
0.0734732270000000
0.104083380000000
0.0612265300000000
0.00118202600000000
0.0679293570000000
0.0607603380000000
0.0600071890000000
0.0345641160000000
0.00967571000000000
0.0120752930000000
0.0238304040000000
0.0609595830000000
0.0304791400000000
0.00672496300000000
0.0125368630000000
0.00100000000000000
0.0806980750000000
0.0798990440000000
0.0914372780000000
0.0457777100000000
0.0835934270000000
0.0604626880000000
0.0592325450000000
0.0596673130000000
0.00252313400000000
0.0603122350000000
0.00342211700000000
0.119084080000000
0.135523010000000
0.107240590000000
0.0905220240000000
0.126391880000000
0.172842470000000
0.108995410000000
0.117872650000000
0.0308575270000000
0.0616210510000000
0.0547472270000000
0.0841801840000000
0.0580135570000000
0.0245396680000000
0.00684782400000000
0.0867981830000000
0.0722985110000000
0.0897722410000000
0.0652649610000000
0.00808120300000000
0.00592461600000000
0.00749118000000000
0.00854005500000000
0.0170609980000000
0.0410588930000000
0.0746773130000000
0.0443275620000000
0.228217740000000
0.124059790000000
0.0978290250000000
0.184045140000000
0.0340473680000000
0.0513745980000000
0.106831770000000
0.0893325480000000
0.110314130000000
0.0936655810000000
0.0779720500000000
0.0403457420000000
0.0491863750000000
0.0669494760000000
0.0731701380000000
0.116610580000000
0.0215087140000000
0.0304802790000000
0.00424966300000000
0.0758706010000000
0.0563314030000000
0.0155765550000000
0.122585470000000
0.0834367870000000
0.00446956000000000
0.00631951200000000
0.0492601450000000
0.0636536490000000
0.0646432010000000
0.00387898800000000
0.0609651410000000
0.0611745790000000
0.0630604970000000
0.0627605910000000
0.0670876020000000
0.0738603390000000
0.00275794700000000
0.0118864650000000
0.141016730000000
0.282419390000000
0.0616268300000000
0.00291043100000000
0.0679515180000000
0.0143863840000000
0.00545598600000000
0.00378415100000000
0.00309548400000000
0.0132705400000000
0.486588880000000
0.0446118060000000
0.296876390000000
0.00996410700000000
0.00323445600000000
0.0133508910000000
0.0638940640000000
0.147640270000000
0.00980672600000000
0.143051420000000
0.00571270700000000
0.00365615100000000
0.0160774650000000
0.0390250060000000
0.125972451000000
0.00100000000000000
0.124498034000000
0.00876699900000000
0.00454167600000000
0.0432933750000000
0.0884726640000000
0.0865399210000000
0.0182148340000000
0.00100000000000000
0.106446210000000
0.0349974330000000
0.00696105100000000
0.00623185400000000
0.0427221620000000
0.130556800000000
0.00198191100000000
0.104256370000000
0.0138817150000000
0.0241088800000000
0.0105285360000000
0.0668280630000000
0.00339459800000000
0.0385216210000000
0.0325908780000000
0.0685034390000000
0.0802118440000000
0.0438901330000000
0.110196670000000
0.00191932900000000
0.0891010460000000
0.0138308840000000
0.0423724670000000
0.107871200000000
0.0345614440000000
0.0430628380000000
0.0866978510000000
0.162128190000000
0.110463650000000
0.0640078090000000
0.0483188200000000
0.00780266100000000
0.0493766380000000
0.0690495800000000
0.00464116800000000
0.00661467500000000
0.109307530000000
0.109196560000000
0.00100000000000000
0.108362310000000
0.0967991040000000
0.0675414630000000
0.0173112380000000
0.109072680000000
0.0558418580000000
0.0452882500000000
0.0695079200000000
0.00292143900000000
0.0477516340000000
0.131025150000000
0.0570539950000000
0.254862160000000
0.0918647550000000
0.145903380000000
0.114220970000000
0.0678051210000000
0.0197637950000000
0.0834525160000000
0.415748140000000
0.0941559850000000
0.138739990000000
0.00362234500000000
0.138960830000000
0.163906080000000
0.0552999890000000
0.193742740000000
0.140502470000000
0.0847856160000000
0.294485410000000
0.0781013520000000
0.206212260000000
0.117946660000000
0.0671367810000000
0.0713614730000000
0.0381033770000000
0.0593761410000000
0.0388207000000000
0.0668696480000000
0.0475587730000000
0.193827080000000
0.108223020000000
0.168826670000000
0.0631438970000000
0.0909863370000000
0.0384552210000000
0.0606771380000000
0.0760506730000000
0.0915354100000000
0.122872720000000
0.547929480000000
0.0181407200000000
0.00100000000000000
0.0650859620000000
0.0510591220000000
0.00559680100000000
0.0158284550000000
0.0692416730000000
0.268706880000000
0.0133027380000000
0.0713496190000000
0.189334720000000
0.0843098970000000
0.000842188000000000
0.0398105770000000
0.0732629930000000
0.00930772000000000
0.0640896360000000
0.122241510000000
0.0175253990000000
0.00100000000000000
0.0307993360000000
0.0551335110000000
0.0310826570000000
0.0474972080000000
0.00413722700000000
0.00787869200000000
0.105215510000000
0.153759330000000
0.0740120700000000
0.0511377840000000
0.00654444100000000
0.0550019480000000
0.0974246920000000
0.143604310000000
0.0264916260000000
0.0814603820000000
0.0218238290000000
0.0946954670000000
0.184275880000000
0.0772022570000000
0.145216860000000
0.0976744480000000
0.189227440000000
0.00535451000000000
0.0591345850000000
0.0860631100000000
0.172200810000000
0.0358376210000000
0.0494256860000000
0.0957275720000000
0.0994263240000000
0.0986638570000000
0.0462132400000000
0.0556634150000000
0.0701035710000000
0.0204064820000000
0.175289550000000
0.0803814860000000
0.0719388750000000
0.199804040000000
0.0795524120000000
0.0429764190000000
0.102956880000000
0.0733786610000000
0.0819251360000000
0.133537630000000
0.00609666400000000
0.00794619900000000
0.0881526540000000
0.369833780000000
0.290979160000000
0.0955465930000000
0.132651390000000
0.122206250000000
0.163564140000000
0.0117754820000000
0.0359811900000000
0.0197016100000000
0.0409011810000000
0.100828060000000
0.0119515320000000
0.0390968570000000
0.113810580000000
0.0353564100000000
0.00962846500000000
0.247477100000000
0.00342395500000000
0.0876804450000000
0.0949145110000000
0.0911679930000000
0.00961601200000000
0.00653359600000000
0.0502572800000000
0.121387160000000
0.0528948500000000
0.00714323400000000
0.00678870300000000
0.0426630270000000
0.0496335910000000
0.0189393490000000
0.0924809650000000
0.00234215800000000
0.0951937220000000
0.0154770000000000
0.0659813390000000
0.0160267960000000
0.00881567400000000
0.0608667420000000
0.0672820030000000
0.00611679300000000
0.0252887290000000
0.0134798950000000
0.0126383430000000
0.000383926000000000
0.00537164400000000
0.0314978990000000
0.293083330000000
0.0121928460000000
0.00452446600000000
0.177507160000000
0.144499900000000
0.00826605800000000
0.179834720000000
0.119989110000000
0.00981690600000000
0.0215179130000000
0.0105890570000000
0.0121626050000000
0.0203077270000000
0.00100000000000000
0.124557960000000
0.0271163620000000
0.0273885200000000
0.112687390000000
0.0695197760000000
0.0510316320000000
0.00746568500000000
0.00100000000000000
0.0560921850000000
0.0356500570000000
0.0237663780000000
0.0594669930000000
0.0947832170000000
0.00502950100000000
0.0183473090000000
0.0359193200000000
0.0618632730000000
0.0583802790000000
0.00255133900000000
0.0304122280000000
0.0737648650000000
0.00386981400000000
0.0297418150000000
0.0179163350000000
0.107073410000000
0.119281720000000
0.00855094700000000
0.106561970000000
0.00100000000000000
0.00918036800000000
0.115134430000000
0.168395240000000
0.00658527300000000
0.0309613630000000
0.0876765510000000
0.128734660000000
0.0225892190000000
0.0632127720000000
0.0106890230000000
0.0689888010000000
0.0269306130000000
0.0855002900000000
0.119289960000000
0.0121723070000000
0.000731906000000000
0.0586118520000000
0.0611579180000000
0.0618407140000000
0.0117610740000000
0.00873965000000000
0.0316977570000000
0.0562274320000000
0.0919152970000000
0.121462380000000
0.0552906120000000
0.00507436500000000
0.00682049200000000
0.201287320000000
0.0963638590000000
0.00100000000000000
0.0595932450000000
0.0644949100000000
0.0680844330000000
0.00100000000000000
0.0795418920000000
0.00217979300000000
0.0162650570000000
0.0478289050000000
0.142853750000000
0.0332869200000000
0.0714042060000000
0.0630886660000000
0.00903021900000000
0.271470850000000
0.0527302120000000
0.0103381230000000
0.00796751300000000
0.00708607300000000
0.00638956900000000
0.0410812060000000
0.00499794900000000
0.0236969750000000
0.106680360000000
0.0328845980000000
0.122166160000000
0.00887924500000000
0.0261247690000000
0.0139275920000000
0.0412481080000000
0.0516856460000000
0.0812471430000000
0.00516530700000000
0.0138312770000000
0.0314306900000000
0.0546474830000000
0.115475860000000
0.0588292740000000
0.0571581430000000
0.0132966930000000
0.208381250000000
0.0876095740000000
0.00574886800000000
0.00675510700000000
0.0350419430000000
0.00701341500000000
0.00559019600000000
0.0730300970000000
0.0151215900000000
0.0204039520000000
0.0276968150000000
0.0172689950000000
0.0395766110000000
0.0658084390000000
0.0728815730000000
0.0111267710000000
0.0448866040000000
0.0370082280000000
0.0604561640000000
0.0236203120000000
0.00242422800000000
0.0324375660000000
0.199216640000000
0.161877840000000
0.0111504780000000
0.0158548120000000
0.0221250700000000
0.0413585280000000
0.0189260790000000
0.00100000000000000
0.140314070000000
0.00888935300000000
0.0697279670000000
0.0585054900000000
0.0238094200000000
0.145537640000000
0.0850013390000000
0.0993632880000000
0.00601046700000000
0.186578580000000
0.0737173230000000
0.0522220140000000
0.105255060000000
0.00259807800000000
0.0996964870000000
0.0488093260000000
0.196665100000000
0.166160630000000
0.0483654790000000
0.0594556330000000
0.104020510000000
0.00971350400000000
0.166794430000000
0.259201480000000
0.0504652230000000
0.133650200000000
0.0394893520000000
0.0935359470000000
0.0661315470000000
0.0595965130000000
0.0292355540000000
0.188318530000000
0.106904330000000
0.0335240830000000
0.0560562340000000
0.256283090000000
0.136090580000000
0.0441952020000000
0.0685803410000000
0.0621787890000000
0.0656100080000000
0.127558050000000
0.0916460630000000
0.0598137940000000
0.0126136400000000
0.0479940360000000
0.0458391210000000
0.0914700250000000
0.0838677370000000
0.0460625150000000
0.0518324530000000
0.0439560010000000
0.0740570030000000
0.0594087250000000
0.0233888280000000
0.0242830340000000
0.0968891440000000
0.339822150000000
0.0498980740000000
0.0295364480000000
0.0157904200000000
0.00691128000000000
0.00100000000000000
0.0240242430000000
0.0699863120000000
0.118418850000000
0.00162075100000000
0.00815138600000000
0.0157087740000000
0.0218580140000000
0.0293221170000000
0.117554610000000
0.130379890000000
0.0135575090000000
0.0157528270000000
0.0637319310000000
0.00470669900000000
0.0227269890000000
0.0398683080000000
0.0374204110000000
0.00100000000000000
0.00453950900000000
0.0646485330000000
0.0719364570000000
0.0231329370000000
0.142537280000000
0.0928239180000000
0.0724533040000000
0.0846371730000000
0.196809980000000
0.137912510000000
0.0997275630000000
0.0590895260000000
0.0326118080000000
0.0795879560000000
0.113982340000000
0.0509533570000000
0.0268701190000000
0.0575544670000000
0.112609670000000
0.0937555090000000
0.0413468200000000
0.0731225010000000
0.0803363730000000
0.00868696700000000
0.0609300590000000
0.0917701010000000
0.0490164600000000
0.101428100000000
0.00100000000000000
0.00683799300000000
0.102205290000000
0.0312516100000000
0.0680168710000000
0.0407390380000000
0.00100000000000000
0.0453581850000000
0.0766609140000000
0.0885963050000000
0.0960224550000000
0.170485850000000
0.0689684580000000
0.0484916790000000
0.0877701030000000
0.0317737230000000
0.0478803200000000
0.0871570150000000
0.0611369320000000
0.0387317080000000
0.0232728100000000
0.0148215540000000
0.0219956140000000
0.0631933360000000
0.0785448860000000
0.0220801650000000
0.0603003620000000
0.0781261570000000
0.00295072900000000
0.0267480790000000
0.0296105160000000
0.0232210220000000
0.0643134740000000
0.00248851800000000
0.000560638000000000
0.235837957000000
0.00100000000000000
0.232744548000000
0.0328990040000000
0.0794087770000000
0.0935477930000000
0.00406826500000000
0.0965576370000000
0.141561900000000
0.0363015990000000
0.0625279430000000
0.121570800000000
0.0630278300000000
0.0470030920000000
0.0760794130000000
0.0242440870000000
0.0353367070000000
0.0215953420000000
0.0231177660000000
0.0650407500000000
0.0313468340000000
0.0107318140000000
0.0496352600000000
0.0320586200000000
0.0531997500000000
0.0714308960000000
0.0717790050000000
0.0380352640000000
0.0709737580000000
0.0211204350000000
0.0208965390000000
0.144433820000000
0.140825960000000
0.0906382750000000
0.110799330000000
0.0234323220000000
0.0409258990000000
0.0596378620000000
0.0838131160000000
0.0883673710000000
0.114831860000000
0.152086580000000
0.0870986910000000
0.123181190000000
0.00833172600000000
0.00100000000000000
0.00460249800000000
0.0644334520000000
0.0122195420000000
0.0266025210000000
0.145321740000000
0.0104572380000000
0.0998898240000000
0.0853121750000000
0.119628790000000
0.00350754200000000
0.100951020000000
0.0768731480000000
0.0811503670000000
0.0902578270000000
0.0827671130000000
0.00171951200000000
0.00145476500000000
0.00919718400000000
0.00417941000000000
0.00400896000000000
0.131651560000000
0.0751279460000000
0.122795040000000
0.250912180000000
0.169249440000000
0.00829829400000000
0.00700859900000000
0.00386283200000000
0.174560140000000
0.0594193160000000
0.0883348780000000
0.212542620000000
0.0205550580000000
0.0114605800000000
0.0264709070000000
0.00733541200000000
0.00478977800000000
0.0344125510000000
0.00704467400000000
0.00729860400000000
0.0840270160000000
0.0147573180000000
0.191947700000000
0.100809870000000
0.185221050000000
0.151361220000000
0.223303170000000
0.0150265270000000
0.0322570810000000
0.0118116970000000
0.0614800180000000
0.0968982840000000
0.0668436520000000
0.0926265930000000
0.0462037880000000
0.0818386460000000
0.00962702800000000
0.00671668200000000
0.117908680000000
0.0733350220000000
0.00311994100000000
0.00100000000000000
0.116321770000000
0.110397940000000
0.00186574400000000
0.197454120000000
0.0903033420000000
0.0469471390000000
0.0649234170000000
0.154401893000000
0.0653122260000000
0.0698020240000000
0.0800657680000000
0.00376985900000000
0.0617611580000000
0.0861453610000000
0.0452498930000000
0.230348600000000
0.0421516040000000
0.0645002870000000
0.0688294830000000
0.151850520000000
0.0534547220000000
0.0984915100000000
0.0526462670000000
0.0798658990000000
0.0590262980000000
0.0525252130000000
0.0770467530000000
0.0393486530000000
0.0401195480000000
0.0258974790000000
0.0654514850000000
0.0834871430000000
0.103443860000000
0.111577120000000
0.0954796720000000
0.119692290000000
0.101774410000000
0.0852438380000000
0.0525379730000000
0.0549563040000000
0.0596160840000000
0.0656665170000000
0.163941020000000
0.0926862660000000
0.0711887880000000
0.106862460000000
0.0910165270000000
0.0183997000000000
0.0761608400000000
0.0670380070000000
0.0672506210000000
0.0696027320000000
0.0832102580000000
0.0607823620000000
0.0581067270000000
0.0823061110000000
0.0371882370000000
0.0112664970000000
0.00100000000000000
0.0133565340000000
0.0244913510000000
0.0708897370000000
0.0461176740000000
0.0436972570000000
0.0546037120000000
0.0401377100000000
0.0770527860000000
0.0653486220000000
0.0628958430000000
0.103480420000000
0.0925620830000000
0.0667758350000000
0.0563398220000000
0.00431491500000000
0.00676920500000000
0.00624054600000000
0.00768396400000000
0.00637605300000000
0.0276100380000000
0.0106671390000000
0.00374922800000000
0.0981971270000000
0.206251260000000
0.00951001500000000
0.00961721500000000
0.0636484860000000
0.0164765810000000
0.0272584490000000
0.0923258600000000
0.0100545970000000
0.00508475100000000
0.0453395460000000
0.0356306310000000
0.0112594820000000
0.0406607310000000
0.129638180000000
0.0551225450000000
0.0639327690000000
0.0109422810000000
0.00100000000000000
0.00591651000000000
0.0226701710000000
0.0637379750000000
0.0404231740000000
0.0814006480000000
0.205189470000000
0.113817100000000
0.0693261620000000
0.125986300000000
0.00430583100000000
0.106085330000000
0.00100000000000000
0.0295660750000000
0.0608576520000000
0.0320403170000000
0.00100000000000000
0.0492506370000000
0.133884300000000
0.445060520000000
0.0663184100000000
0.0793544150000000
0.116472100000000
0.213587093000000
0.0757305290000000
0.137739940000000
0.194772610000000
0.0840876840000000
0.0901753360000000
0.0630700910000000
0.00623554600000000
0.0147730050000000
0.00233292800000000
0.0300311300000000
0.0618811390000000
0.00851415400000000
0.00705016800000000
0.00827134800000000
0.0259868960000000
0.0213478520000000
0.0157396230000000
0.0256929090000000
0.0467221810000000
0.0760229850000000
0.00980551500000000
0.0112297950000000
0.0507953510000000
0.160383140000000
0.00832257800000000
0.0308706210000000
0.0563709400000000
0.124539240000000
0.100034770000000
0.0636258500000000
0.136198050000000
0.0569733920000000
0.0539410460000000
0.0733376110000000
0.0738415270000000
0.250481370000000
0.125767110000000
0.0609599640000000
0.0685518610000000
0.0509209060000000
0.130097230000000
0.0125893260000000
0.00922019300000000
0.0440338750000000
0.00782848100000000
0.00457746800000000
0.0887204670000000
0.0425139040000000
0.0686746790000000
0.0301968860000000
0.0102160350000000
0.0233095320000000
0.0643247840000000
0.617175750000000
0.0182876020000000
0.0364134220000000
0.0530706850000000
0.0625889960000000
0.0595863820000000
0.0550783480000000
0.00507537400000000
0.0630680350000000
0.0722968420000000
0.0490678030000000
0.0425627480000000
0.105392450000000
0.103687660000000
0.00378653000000000
0.0791088150000000
0.0603476740000000
0.0380904030000000
0.0732041550000000
0.0661186630000000
0.00796469100000000
0.0374240790000000
0.00625486800000000
0.0231086050000000
0.0141316590000000
0.0433966990000000
0.0806369620000000
0.0118790780000000
0.0112254790000000
0.0299223940000000
0.120580974000000
0.00100000000000000
0.105893243000000
0.00607771000000000
0.00728601600000000
0.0162789940000000
0.0928847540000000
0.0159390350000000
0.00614156700000000
0.0428955360000000
0.00609516100000000
0.0256000100000000
0.00457253000000000
0.0220654990000000
0.0401993060000000
0.0588606740000000
0.0591797110000000
0.0926727540000000
0.0632614260000000
0.0453522840000000
0.00724694300000000
0.00767820700000000
0.00706251300000000
0.0943116140000000
0.0654346290000000
0.0255862660000000
0.0981530280000000
0.00118163800000000
0.0946555440000000
0.0869987500000000
0.0544572600000000
0.0953475590000000
0.0924115770000000
0.0732292000000000
0.0947583200000000
0.103759850000000
0.0609596620000000
0.0499057560000000
0.0245434880000000
0.0164607270000000
0.00474492700000000
0.0283194250000000
0.0633543210000000
0.00100000000000000
0.149638340000000
0.0190454970000000
0.151259490000000
0.0111409010000000
0.118105310000000
0.118748530000000
0.0258086690000000
0.0591868080000000
0.0905157180000000
0.0359260050000000
0.0561300140000000
0.0320526450000000
0.00653899900000000
0.00825067100000000
0.0190870260000000
0.0273831360000000
0.0305266750000000
0.0670560780000000
0.0388043590000000
0.0447331070000000
0.0214524420000000
0.0498944140000000
0.0383914210000000
0.00645580100000000
0.00497761900000000
0.0287995330000000
0.00557057500000000
0.00485489700000000
0.0206004950000000
0.0190050700000000
0.0186619640000000
0.0399836030000000
0.0704336610000000
0.0186063410000000
0.0102486370000000
0.0724548010000000
0.151939560000000
0.0474532840000000
0.00414835400000000
0.0564359970000000
0.0453080640000000
0.0542804500000000
0.0333219050000000
0.0803813690000000
0.0706321960000000
0.0386514620000000
0.0444521350000000
0.185010800000000
0.0814477270000000
0.0854894600000000
0.0396121380000000
0.0502439990000000
0.0179685960000000
0.102977310000000
0.0886153130000000
0.0483819560000000
0.0783510700000000
0.121817850000000
0.0881127020000000
0.0814282180000000
0.0820468560000000
0.152955400000000
0.0246810610000000
0.00100000000000000
0.0232490310000000
0.0231125910000000
0.110438840000000
0.135326050000000
0.140688990000000
0.0328138810000000
0.00268189000000000
0.0199082460000000
0.0609597050000000
0.0579121380000000
0.0458115070000000
0.0383818820000000
0.0500735180000000
0.0957914210000000
0.187186670000000
0.146302210000000
0.101145030000000
0.0620725260000000
0.106361140000000
0.0611829120000000
0.0611761710000000
0.0941427790000000
0.0980269150000000
0.0370399410000000
0.0891556150000000
0.0836814230000000
0.0541904730000000
0.138553670000000
0.00288891300000000
0.0988636430000000
0.0339924650000000
0.101674580000000
0.0496723980000000
0.108259240000000
0.00975999400000000
0.0114463410000000
0.0889066260000000
0.0630753850000000
0.128244860000000
0.0262254650000000
0.0929779440000000
0.00319390000000000
0.0675664170000000
0.101407470000000
0.0881022150000000
0.0267533130000000
0.0385025330000000
0.0157693160000000
0.0794628860000000
0.00857285200000000
0.00518114100000000
0.0687602050000000
0.0585790770000000
0.00823871100000000
0.0163388440000000
0.0106055450000000
0.00935154700000000
0.0605070380000000
0.137619060000000
0.112733970000000
0.00636840600000000
0.00827602900000000
0.0613312110000000
0.0268504580000000
0.0144465640000000
0.192600830000000
0.0120510770000000
0.0321072160000000
0.0931168900000000
0.0537740650000000
0.125405340000000
0.0439213860000000
0.00961939800000000
0.00541549300000000
0.0352893030000000
0.0588707020000000
0.0375427140000000
0.0975361090000000
0.0975362070000000
0.0914397740000000
0.0538938470000000
0.00636407000000000
0.0143065780000000
0.101249370000000
0.0109114170000000
0.0167480990000000
0.0261903390000000
0.0869014350000000
0.00386349900000000
0.00609770700000000
0.0269190990000000
0.111176480000000
0.150522070000000
0.0855237990000000
0.0319837540000000
0.0571426990000000
0.0860158770000000
0.0333117030000000
0.132887280000000
0.0245679680000000
0.0599074850000000
0.00368069800000000
0.00353966100000000
0.0115773340000000
0.00719751400000000
0.0789219090000000
0.0573683220000000
0.0362427620000000
0.108549350000000
0.174815390000000
0.0696436940000000
0.0488887140000000
0.0692165720000000
0.0309187370000000
0.0355389150000000
0.104039760000000
0.126702000000000
0.0556069020000000
0.0287317080000000
0.0767846860000000
0.0459605600000000
0.0756906480000000
0.0667659780000000
0.0805232760000000
0.0621793550000000
0.0621790130000000
0.00919260700000000
0.000259836000000000
0.0245838690000000
0.00731354800000000
0.0525313550000000
0.0144203630000000
0.0369472170000000
0.00884170900000000
0.00583642800000000
0.0317624930000000
0.0141153290000000
0.00672582300000000
0.0518327160000000
0.00341331300000000
0.00100000000000000
0.156139290000000
0.0863919360000000
0.0105985690000000
0.0401499250000000
0.0855054500000000
0.140662110000000
0.107247620000000
0.0759549440000000
0.140208370000000
0.0304801450000000
0.0680258270000000
0.0947433820000000
0.0240303570000000
0.00721822000000000
0.00589815800000000
0.0135167960000000
0.0520782940000000
0.158943629000000
0.0860996590000000
0.00307694600000000
0.00406221000000000
0.0416286670000000
0.00328243700000000
0.00508560300000000
0.0139817400000000
0.00739472200000000
0.00520358800000000
0.0336772550000000
0.00654156000000000
0.00634737900000000
0.00648861700000000
0.0558032730000000
0.0953055840000000
0.0895716480000000
0.0598551820000000
0.144046330000000
0.0826142390000000
0.0803999030000000
0.169732580000000
0.0463206300000000
0.107455570000000
0.0390478480000000
0.133537140000000
0.00700339700000000
0.00550102100000000
0.00561106600000000
0.126985700000000
0.0172621550000000
0.146095180000000
0.0421415790000000
0.0982227350000000
0.0493039380000000
0.118983710000000
0.133737120000000
0.0411865480000000
0.0890130290000000
0.00800186800000000
0.00179712900000000
0.0221602680000000
0.00481731700000000
0.00577516000000000
0.0722175500000000
0.00193745100000000
0.0183702640000000
0.0538419630000000
0.0471668260000000
0.00791167500000000
0.0401612580000000
0.0302645660000000
0.0680878390000000
0.0320590830000000
0.0673358430000000
0.0796265640000000
0.00845151400000000
0.0876193390000000
0.0479859550000000
0.477971180000000
0.00520396900000000
0.0339960620000000
0.00663017600000000
0.00992341600000000
0.103132980000000
0.0719113560000000
0.0776294850000000
0.0609601590000000
0.00579226500000000
0.00250428400000000
0.00665334600000000
0.0689078790000000
0.0736014440000000
0.0648158350000000
0.0400631370000000
0.0908781760000000
0.000658611000000000
0.00549444900000000
0.0356564340000000
0.00682612000000000
0.0378601010000000
0.0808373230000000
0.112860330000000
0.00876373500000000
0.0490582210000000
0.00807587900000000
0.0698553430000000
0.0505612640000000
0.0553192460000000
0.199101660000000
0.132164990000000
0.00593962800000000
0.0614314880000000
0.00872984300000000
0.0256041590000000
0.00460517400000000
0.00623321000000000
0.0688655530000000
0.0989195510000000
0.00658414900000000
0.00592496000000000
0.0103994550000000
0.00988610800000000
0.0548014020000000
0.0793689010000000
0.148624450000000
0.00624901000000000
0.0124536960000000
0.0894720990000000
0.0541660130000000
0.00428411700000000
0.0661636660000000
0.00976155800000000
0.0837799640000000
0.0102623990000000
0.0595813480000000
0.100910870000000
0.0690771860000000
0.0168194690000000
0.0994019330000000
0.103300880000000
0.112012140000000
0.0652617370000000
0.0689516690000000
0.00417060100000000
0.0554472710000000
0.0594829330000000
0.0509489590000000
0.0812997080000000
0.0613228490000000
0.0494053850000000
0.00893040900000000
0.00886788900000000
0.245959410000000
0.0533065710000000
0.200002330000000
0.0596058680000000
0.116851990000000
0.0854330600000000
0.0631077020000000
0.0475117200000000
0.0746353970000000
0.0615134350000000
0.0753262870000000
0.0625270400000000
0.00336960100000000
0.0448816920000000
0.0605985680000000
0.0737629170000000
0.0441312230000000
0.0387523790000000
0.0736769990000000
0.0547847330000000
0.0100898160000000
0.00100000000000000
0.164948130000000
0.310760310000000
0.0843586760000000
0.0720435590000000
0.0499757420000000
0.0936565440000000
0.521001500000000
0.103078490000000
0.0569830290000000
0.0921310930000000
0.251213000000000
0.0736893950000000
0.121348810000000
0.175447440000000
0.0827877250000000
0.628893530000000
0.106174700000000
0.0339206800000000
0.123577740000000
0.0544349690000000
0.220783370000000
0.0656493130000000
0.0808581080000000
0.0737322630000000
0.00773648200000000
0.0672285300000000
0.0835502640000000
0.0620038100000000
0.0936173830000000
0.0874711950000000
0.374477510000000
0.0623332010000000
0.110565440000000
0.232188610000000
0.122146780000000
0.0549236270000000
0.0674964650000000
0.0596413000000000
0.108179780000000
0.0770399390000000
0.0989189180000000
0.150495720000000
0.126546480000000
0.0863528910000000
0.0659802080000000
0.0702155490000000
0.0401724330000000
0.0887080600000000
0.0808520630000000
0.254509110000000
0.00100000000000000
0
0.00100000000000000
0.00100000000000000
0.00100000000000000
0.00100000000000000
0.00100000000000000